pnpm-lock.yaml
  h_2d4b3dca70a3d8 169,302,362,377,477,776,779,781,783,786,788,804,807,809,818,848,871,901,904,906,922,930,938,947,956,964,972,981,989,997,1005,1013,1021,1029,1038,1047,1056,1065,1074,1083,6700,6709,6745,6754,6763,11534-11539,14771,15545-15550,15893,15895,15897-15906,15908,15911-15913,15927,15929-15930,15932-15933,15935,15937,15941,15964,15966,15979,15981,16001,16003-16004,16010,16012,16015,16017,16020,16022,16025,16027,16030,16032,16035,16037,16040,16042,16045,16047,16050,16052,16055,16057,16060,16062,16065,16067,16070,16072,16075,16077,16080,16082,16085,16087,16090,16092,16095,16097-16098,16103,16105,16107,16110,16114,16116,16119-16121,17224-17225,17231-17232,17260-17261,17269-17270,17392,17407-17408,17412,17426-17427,19854,19856,19860,19864-19865,19867,19869,19873,19877-19878,19887-19888,19897-19898,19911-19932,19934,19936,19938,19940,19955,19977,19985,20007,20484,20499,21283,21289-21290,22363,22368-22369,22373,22378-22379,22472,22498,22559,22562,22586,22590,22593,22617,22621,22624,22648,22652,22657,22680,22875-22876,22882-22883,22930-22931,22957-22958,22984-22985,23012-23013,23017,23019-23020,23025,23037-23038,23042,23044-23045,23052,23063-23064,23510-23513,24139,24148,24166,24175,25521,25523-25524,25880,25885,26094,26108,26111,26114,26128,26131,26712-26713
---
{
  "schema_version": "authorship/3.0.0",
  "git_ai_version": "1.7.0",
  "base_commit_sha": "ced2f86ff59ddf9455ca34456dfb234ffcda4111",
  "prompts": {},
  "humans": {
    "h_2d4b3dca70a3d8": {
      "author": "marcelstoltz00 <marcelstoltz00@gmail.com>"
    }
  }
}