apps/backend/test/integration/steps/attendance-session.step.ts
  h_2d4b3dca70a3d8 49,55,59,67,71-73,76,79,82-85,91,96,102,115,122,124,132,136,141-146,148,151,157,160,173,175,177,179,181,188-193,196,201,220,222,236,238,240,242,244,246,252,255-259,261,263,272,274,276,278,280,282,285,288-292,294,296,298,300,304,306,308,313,315,317,323,325,327,329-341,343-347,349,351,353,355,357,359,363-367,370,372,374,376,380,382,384,388,390,392,397,399,404,406,412,414,416,418,420,423-427,429,431,435,437,439,444,446,450-454,457,459,461,463,474,476,478,482,490,492,494,499-504,506,508,510,512,515-520,522,524,526,528,532,534,536,538,540,542,544,550,552,554,556,558,565,567,581,583,585,587,589,591,597,601-603,606,608,619,621,623,627,629,631,633,637,646-648,655,659-661,664,670,673-677,679,684-688,690,692,694,698,700,702,709,711,716,718,721-724
---
{
  "schema_version": "authorship/3.0.0",
  "git_ai_version": "1.7.4",
  "base_commit_sha": "95a8f42af64bd9840a6d37211da0cea2de46fda2",
  "prompts": {},
  "humans": {
    "h_2d4b3dca70a3d8": {
      "author": "marcelstoltz00 <marcelstoltz00@gmail.com>"
    }
  }
}