docs/srs/NON-FUNCTIONAL_REQUIREMENTS.md
  h_2d4b3dca70a3d8 20-24,97-110
pnpm-lock.yaml
  h_2d4b3dca70a3d8 7-76,92,98,101,104,107,113,122,125,128,137,140,143,146,149,152,155,158,161,164,167,178-179,182,194,203,208-209,212,218,237,240,243,246,249,252,264,267,273,276,282,285,288,291,294,297,300,309,312,315,321,327,333,336,339,348,351,354,360,366,368-369,378,381,383-384,390,393,399,402,408,411,417,427,430,436,439,445,448,451,454,457,460,463,472,475,481,487,497,513,522,529,538,545,548,551,554,575,578-595,617,620-632,636,639,643,646,650,653,657,660,664,667,671,674,678,681,685,688,692,695,699,702,706,709,713,716,720,723,727,730,734,737,741,744,767,770,774,777,779,781,784,786,788,791,793,795,798,802-809,812,816,819-826,830,832,835,839-846,849,853,856,860,863,867,869,872,876,879,883,886,890,892,895,899,902,906,909,911,913,916,920-927,930,934-948,951,956-963,970,978,986,995,997,1000,1004,1012,1020,1022,1025,1029,1037,1045,1053,1061,1069,1077,1086,1095,1097,1100,1104,1106,1109,1113,1115,1118,1122,1124,1127,1131,1133,1136,1140,1143,1147,1150-1157,1161,1164-1171,1175-1181,1195,1198,1201-1202,1205,1207,1215,1218,1221-1223,1228,1231,1234-1236,1241,1244,1247-1248,1250,1253,1256-1257,1263,1266,1269-1270,1279,1282,1285,1288,1291,1294-1302,1304,1307,1310,1313,1322,1325,1587,1590,1594,1597,1600,1603,1606,1609,1624-1629,1641,1648,1659,1662,1677,1680,1695,1698,1713,1716,1731,1734,1749,1752,1767,1770,1785,1788,1803,1806,1821,1824,1839,1842,1857,1860,1875,1878,1893,1896,1911,1914,1929,1932,1947,1950,1965,1968,1983,1986,2001,2004,2019,2022,2037,2040,2055,2058,2073,2076,2091,2094,2109,2112,2118,2121,2155,2158,2176,2179,2183,2186,2211,2214,2224,2227,2230,2233,2236,2239,2245,2248,2295,2298,2300,2302,2346,2349,2351,2355,2358,2360,2364-2372,2375,2380,2383,2388,2391,2397,2400,2406,2409,2415,2418,2424,2427,2433,2436,2442,2445,2451,2454,2460,2463,2465,2470,2473,2475,2480,2483,2485,2490,2493,2495,2500,2503,2505,2510,2513,2515,2520,2523,2525,2530,2533,2535,2540-2547,2550,2552,2555,2558,2560,2564,2567,2569,2573,2576,2578,2776,2779,2782,2785,2787,2789,2792,2794,2817,2820,2836,2839,2848,2851,2862,2865,2876,2879,2890,2893,2904,2907,2911,2914,2925,2928,2932,2935,2951,2954,2970,2973,2977,2980,2991,2994,3005,3008,3019,3022,3033,3036,3047,3050,3079,3082,3110,3113,3123,3126,3131,3134,3139,3142,3147,3150,3155,3158,3163,3166,3171,3174,3176,3178-3179,3181,3184,3192,3208,3211,3214,3220,3223,3228,3230,3233,3246,3249,3262,3265,3299,3302,3320,3323,3326,3391,3394,3407,3410,3419,3422,3428,3431,3437,3440,3447,3450,3457,3460,3467,3470,3477,3480,3486,3489,3495,3498,3509,3512,3654,3657,3667-3787,3795,3798,3800,3802,3805,3807,3810,3813,3816,3819,3835,3838,3841,3844,3847,3850,3853,3856,3869,3872,3885,3888,3901,3904,3917,3920,3933,3936,3949,3952,3965,3968,3981,3984,3997,4000,4009,4012,4025,4028,4037,4040,4053,4056,4065,4068,4081,4084,4097,4100,4109,4112,4125,4128,4141,4144,4157,4160,4169,4172,4185,4188,4201,4204,4217,4220,4233,4236,4249,4252,4265,4268,4281,4284,4297,4300,4313,4316,4329,4332,4345,4348,4361,4364,4377,4380,4393,4396,4409,4412,4425,4428,4441,4444,4457,4460,4469,4472,4485,4488,4501,4504,4517,4520,4533,4536,4549,4552,4565,4568,4581,4584,4593,4596,4605,4608,4617,4620,4629,4632,4641,4644,4653,4656,4665,4668,4677,4680,4689,4692,4705,4708,4723,4726,4748,4751,4755,4758,4762,4765,4769,4772,4776,4779,4783,4786,4789,4792,4795,4798,4802,4805,4809,4812,4816,4819,4823,4826,4828-4829,4845,4848,4851,4854,4882,4885,4889,4892,4896,4899,4903,4906,4910,4913,4917,4920,4930,4933,4939,4942,4948,4951,4957,4960,4967,4970,4977,4980,4987,4990,4997,5000,5007,5010,5017,5020,5026,5029,5035,5038,5044,5047,5062,5065,5068,5071,5074,5077,5080,5083,5089,5092,5098,5101,5107,5110,5116,5119,5125,5128,5135,5138,5145,5148,5155,5158,5165,5168,5180,5183,5189,5192,5198,5201,5205,5208,5211,5214,5218,5223,5226,5229,5232,5247,5250,5263,5266,5276,5279,5281-5284,5286,5289,5304,5307,5310,5313,5315,5317,5320,5323,5326,5329,5332,5361,5364,5385,5388,5393,5396,5401,5404,5407,5409,5412,5415,5417,5420,5425,5428,5433,5436,5517,5520,5529-5535,5538,5590-5596,5599,5614,5617,5626,5629,5638,5641,5644,5647,5650,5653,5668,5671,5692,5695,5700,5703,5730,5733,5736,5739,5778,5781,5785,5789,5792,5799,5802,5808,5811,5815,5818,5824,5827,5834,5837,5841,5844,5850,5853,5860,5863,5867,5870,6170,6173,6241,6244,6360,6363,6402,6405,6532,6535,6559-6565,6573,6576,6580,6583,6600,6602,6605,6609,6618,6621,6623,6632,6635,6645,6654,6656,6659,6663,6685,6688,6693,6696,6705-6706,6709,6758,6761,6788,6791,6820,6823,6825,6834,6837,6867,6870,6873-6877,6967,6970,7013,7016,7073,7076,7187,7190,7273-7279,7333,7336,7338,7340,7343,7366,7369,7445-7451,7464,7467,7496,7512,7526-7531,7553-7559,7581,7590,7599,7608,7676-7682,7736-7742,7757,7760,7777-7783,8001-8007,8166,8169,8197-8203,8224,8227,8231-8237,8292-8298,8320,8323,8327,8330,8333,8336,8354,8357,8361,8364,8375,8378,8475,8478,8521,8524,8598,8601,8611,8614,8617,8717,8720,8766,8769,8773,8776,8846,8849,8852,8855,8917-8923,8952,8955,9029,9032,9070,9073,9180,9183,9192,9223-9231,9267,9270,9376,9379,9411,9414,9416,9418,9421,9425,9433,9436,9440-9441,9445,9466,9469,9472,9475,9478,9481,9547,9550,9567,9570,9649,9652,9656,9659,9754-9760,10138-10144,10152,10155,10166,10169,10186,10189,10214,10217,10239,10242,10253,10256,10267,10270,10293,10296,10314,10317,10335,10338,10349,10352,10363,10366,10387,10390,10413,10416,10427,10430,10441,10444,10455,10458,10469,10472,10483,10486,10497,10500,10511,10514,10525,10528,10546,10549,10566,10569,10593,10596,10607,10610,10626-10631,10638-10652,10655,10659,10662,10710-10715,10796,10799,10803,10806,10808,10823,10826,10849,10852,10855,10858,10990,10993,11004,11007,11033-11039,11131,11134,11138,11141,11172,11175,11223,11226,11320-11327,11330,11332,11348,11351,11388,11391,11394,11397,11400,11403,11406,11409,11412,11415,11419,11422,11425,11428,11431,11434,11437,11440,11443,11446,11449,11452,11455,11458,11461,11464,11467,11470,11473,11476,11479,11482,11485,11488,11491,11494,11497,11500,11503,11506,11509,11512,11515,11518,11521,11524,11527,11530,11533,11536,11539,11542,11545,11548,11551,11554,11557,11560,11563,11566,11569,11572,11590,11593,11597,11600,11603,11606,11617,11620,11622,11625,11628,11646,11649,11651,11668,11671,11704,11707,11716,11719,11736,11739,11741,11743,11746,11750,11753,11812,11815,11881-11887,11915,11918,11929-11935,11966,11969,12001-12007,12022,12025,12108,12111,12133-12139,12201,12204,12213,12216,12234,12237,12247,12250,12285-12291,12313,12316,12318-12325,12328,12331,12333,12363,12372,12381,12390,12399,12408,12417,12426,12435,12444,12453,12462,12471,12480,12489,12498,12507,12516,12525,12534,12543,12552,12561,12570,12579,12581,12584,12595,12604,12612,12615,12619,12622,12661,12664,12675,12678,12715-12721,12747,12750,12775,12778,12782,12785,12789,12792,12794,12802,12947,12950,12972,12975,12988,12991,13150,13153,13308,13311,13386,13389,13432,13435,13440,13443,13453,13456,13475,13478,13508,13511,13513,13516,13519,13521-13526,13563,13566,13623-13637,13640,13643,13646-13648,13803,13806,13817,13820,13830,13833,13837,13840,13963,14000,14003,14014,14017,14022-14028,14031,14056,14059,14063-14071,14092,14095,14105,14108,14118,14121,14164,14167,14179-14185,14212,14215,14219,14222,14300,14303,14308,14330,14333,14337,14339-14342,14393,14396,14401,14404,14449,14452,14491,14494,14504,14507,14571,14574,14583,14586,14588-14595,14638,14641,14645,14711,14714,14792,14795,14812,14815,14832,14835,14839,14842,14910,14913,15008,15011,15023,15026,15091,15094,15119,15122,15133,15136,15163,15166,15170,15172,15185,15187-15200,15218-15228,15230-15233,15236-15247,15250,15252-15253,15255-15257,15261,15263-15266,15269,15271-15276,15279-15292,15295,15297-15301,15304-15315,15318,15320-15323,15326,15328-15333,15336,15338-15342,15345,15347-15351,15354,15356-15362,15365,15367-15369,15372,15374-15378,15381,15383,15386,15388,15399,15401,15405-15410,15412,15414-15422,15424,15426,15428-15437,15439,15441-15442,15445,15448,15450,15452,15454-15458,15460,15462-15468,15473-15475,15477,15479-15480,15484,15486-15487,15491,15493-15496,15500,15502,15504,15506,15508-15511,15515,15517-15518,15522-15530,15532,15534-15537,15539,15541,15543,15545,15547,15549-15550,15552,15554-15555,15557,15559-15560,15562,15564-15565,15567,15569-15570,15572,15574-15575,15577,15579-15580,15582,15584-15585,15587,15589-15590,15592,15594-15595,15597,15599-15600,15602,15604-15605,15607,15609-15610,15612,15614-15615,15617,15619-15620,15622,15624-15625,15627,15629-15630,15632,15634-15636,15640,15642-15647,15651,15653-15658,15662-15668,15670,15672-15674,15676,15678-15683,15688-15703,15705-15706,15712,15714-15716,15718-15722,15726,15728-15729,15731,15733,15735-15736,15738-15743,15745,15747-15748,15750,15752-15753,15755,15757-15758,15760,15762-15764,15766,15768,15770,15772,15774,15778,15784,15788,15791-15792,15812,15824,15833,15839-15841,15862,15871,15898,15953,15955,15957,15959-15960,15962,15965-15968,15970,15972,15974,15976,15989-15993,16001,16007,16012,16018,16024,16030,16036,16042,16048,16054,16060,16066,16072,16078,16081,16084,16087,16090,16096,16102,16108,16114,16120,16126,16132,16138,16144,16150,16156,16162,16165,16167,16170,16172,16189,16197,16209,16217,16223,16234,16241,16243,16245,16247-16248,16250,16252,16256,16271,16275,16284,16286,16307,16309,16312,16314-16319,16322,16325,16328,16331,16334,16337,16340,16343,16346,16349,16352,16354,16357,16359,16362,16364,16367,16369,16372,16374,16377,16379,16382,16384,16387,16389,16392,16394-16399,16402,16405,16408,16413,16416,16418,16421,16423,16425-16426,16428,16430,16434,16441,16443,16445-16447,16449,16451,16453-16454,16457,16459,16461-16462,16464,16468,16470-16471,16473,16475,16477-16478,16480,16482,16485-16486,16488-16501,16503-16516,16518,16520,16522-16523,16526,16528,16530,16532,16535,16537,16540,16542,16545,16547,16549,16551,16562-16564,16570,16578,16584,16586-16587,16589-16590,16593,16600,16607,16628,16635,16642,16663,16665-16671,16678-16691,16699,16705,16708,16710-16713,16719,16721,16728,16730-16731,16737,16742,16744,16746-16749,16751,16760,16762-16765,16767,16769-16770,16780,16801,16804-16807,16809,16813,16820-16822,16831,16833,16835,16837,16839,16850,16854,16864,16866-16867,16878,16880,16882,16887,16903,16905-16906,16908,16913-16915,16925,16929,16931-16932,16935,16941,16956,16961,16966,16972,16974,16981,16983-16985,16994,16997,17000,17003,17006,17009,17012,17016,17019,17022-17023,17025,17028,17032,17035-17036,17038,17049,17051-17052,17055,17057-17058,17061,17063-17066,17069,17071-17075,17080,17087,17090,17107,17122,17124,17133,17135,17137,17143,17145-17146,17149,17155,17164,17168,17171-17174,17178,17183,17185-17186,17192,17194,17196-17197,17200,17202,17208,17211,17214,17217,17220,17223,17226,17229,17232,17236,17248,17264,17269,17298,17304,17312,17325,17327,17333-17388,17392,17394,17396,17398,17400-17401,17403,17405,17407,17409,17412,17414,17416,17418,17420,17422,17426-17439,17443-17444,17446,17448-17452,17456-17457,17459,17461,17465-17466,17468,17470,17474-17475,17477,17479-17484,17488-17499,17503-17515,17519-17520,17522,17524-17527,17531-17532,17534,17538,17540,17542-17546,17550-17551,17553,17557-17573,17577,17579-17580,17582,17586,17588,17590-17594,17598-17609,17613-17614,17616,17620,17622,17624-17626,17630-17631,17633,17635-17640,17644-17657,17661-17662,17664,17666,17669,17671,17673,17677-17697,17701,17703-17717,17721-17739,17743-17759,17763-17775,17779-17796,17800,17802-17816,17820-17821,17823,17825-17826,17830-17831,17833,17835,17839-17840,17842,17844,17848-17849,17851,17853-17854,17858-17871,17875-17890,17894-17907,17911-17935,17939,17941-17942,17944,17946,17950-17965,17969-17970,17972,17974,17977,17979,17981-17986,17990-18002,18006-18022,18026-18037,18041-18042,18044,18046-18048,18052-18063,18067-18084,18088-18089,18091,18095,18097,18099-18101,18104,18106,18108,18111,18113,18115,18118,18120,18124,18126,18130,18132,18136,18138,18140,18143,18145,18147,18150,18152,18154,18158-18159,18161,18172,18179,18192,18194,18196,18198-18200,18207,18209-18210,18216,18218-18222,18232,18234-18239,18241,18245,18247,18249,18251,18253,18256,18258,18260-18261,18263,18265,18267,18276,18278,18294,18296,18299,18301-18302,18305,18307-18308,18311,18313-18314,18317,18319-18320,18323,18329,18332,18335,18338,18341,18344,18347,18350,18353,18356,18359,18362,18365,18368,18370-18382,18386,18390,18394,18397,18402,18404,18407,18410,18413,18416,18419,18422,18425,18428,18431,18434,18437,18440,18442-18466,18472,18474,18476,18485,18487,18493,18497-18498,18506,18508-18509,18516,18518,18523-18524,18526,18528,18532-18534,18536,18546,18548,18550,18552,18568,18571,18579,18582,18585,18588,18591,18594,18597,18606-18607,18614,18618-18619,18623,18628,18632,18653,18655,18663,18666-18668,18672,18699,18703-18704,18709,18713,18718,18721,18725,18727,18729,18735,18739,18741-18742,18752,18754,18756,18765,18770,18774,18778-18779,18781,18784,18801,18804-18810,18817,18819-18822,18824,18829,18831-18832,18838,18840-18841,18843,18847,18849-18851,18853,18859,18861,18863-18866,18868-18870,18876,18878-18882,18887,18889,18892,18952,18967,19052,19055,19070,19074,19077,19079,19081,19083,19087,19092,19133,19140,19166,19183,19214,19227,19237,19279,19289-19290,19295,19297,19309,19311,19315,19320,19322-19323,19325-19326,19333,19339,19341,19345,19349-19350,19354,19358-19379,19381,19383,19385-19387,19391,19398-19413,19415-19418,19421-19423,19430-19448,19450-19458,19460-19467,19481,19484,19487,19489,19512,19520,19522-19526,19543,19546-19547,19549,19608-19609,19614,19638,19663,19679,19686,19718,19740,19772-19774,19803-19815,19824-19825,19832,19862,19864-19865,19869-19874,19878,19884,19888,19893,19897,19902,19908,19916,19922,19942,19944,19964-19972,19987-19989,19994-20045,20047,20091-20094,20114-20116,20121,20136-20137,20254-20257,20267,20269,20271,20273-20275,20295,20303,20313-20314,20326,20331-20335,20357-20363,20376,20378-20379,20388,20404,20411-20412,20417,20419,20425,20444,20446,20455,20459,20461,20463-20465,20470,20501,20503-20528,20552,20555,20557-20561,20563,20572,20574,20584,20588-20589,20592,20595,20599,20603,20605,20609,20618,20620-20621,20629,20636,20642,20646-20647,20655,20657-20658,20660,20663,20665,20667-20669,20671-20672,20674,20681-20682,20684,20693,20719,20721,20724,20726,20748,20756,20758,20763-20764,20799-20800,20805-20806,20837,20841,20865,20868,20882,20884-20889,20891,20893,20895-20897,20902,20921-20922,20963,20965,20973,20975,21011-21014,21037,21040,21053,21055,21065,21068,21094,21112,21116-21117,21119-21120,21122,21141,21146,21161,21176,21207-21216,21219,21240,21292,21296,21312,21314,21316-21317,21319-21320,21323,21331,21333,21336-21337,21339,21341-21342,21344-21353,21419,21427,21462-21463,21465,21467-21468,21477,21508,21514,21527,21531-21534,21611,21638,21675-21676,21683-21684,21687,21727,21739-21743,21750,21753,21762,21781,21783-21787,21792-21797,21799,21806,21808,21812,21815,21818,21825,21827,21831,21834,21837,21844,21846-21848,21852-21855,21863,21865,21868,21888-21889,21893,21895,21898,21918-21919,21923,21925,21928,21948-21949,21953,21955-21960,21964,21966-21973,21975,21979-21980,21991,21993-21994,21996,22002,22014,22016-22017,22019-22020,22028,22042,22046,22048-22054,22062,22074,22076-22078,22081,22083-22086,22092,22100,22102-22103,22112,22114,22116-22117,22121,22131,22133-22134,22138-22140,22144,22146-22147,22155,22158,22160-22163,22171,22178,22180-22181,22195,22199-22201,22212,22229,22231-22237,22242-22251,22263,22279,22281-22288,22290,22292-22293,22295-22301,22307-22311,22315,22326-22340,22342,22344-22350,22355,22361,22363-22364,22368,22379,22381-22382,22386,22392,22399,22401-22403,22407,22412,22418,22423,22425-22427,22431,22433,22436,22443,22445,22448,22455,22457-22458,22460,22472,22479,22483,22491-22492,22495,22497-22505,22507,22514,22522,22527,22537,22554-22555,22605,22607,22615,22628,22631,22636,22695,22704,22706,22709,22727-22731,22781,22783,22793,22797,22799,22801,22804-22808,22815,22833,22873-22874,22879,22881,22885,22889,22893,22899,22901,22903,22913,22915,22917,22927,22929,22931,22941,22943,22945,22955,22957-22959,22961-22966,22976,22978,22980,22990,22992,22994-22995,22997,23001-23003,23013,23015,23017,23027,23029,23031,23041,23043,23045,23055,23057,23059,23069,23071,23073,23083,23085,23087,23097,23099,23101,23111,23113,23115,23125,23127,23129,23139,23141,23143,23153,23155,23157,23167,23169,23171,23181,23183,23185,23195,23197,23203-23230,23240,23242,23244,23254,23256,23258,23268,23270,23272,23282,23284,23286,23296,23298,23300,23310,23312,23314,23324,23326,23329,23331,23333-23334,23344,23346-23350,23364,23368-23373,23376,23378,23380,23389,23391,23397-23399,23408-23435,23437-23441,23444,23446-23453,23455-23456,23459,23461,23470,23476,23490,23492,23495,23505,23532,23547,23556,23563,23576-23578,23596,23598,23602-23603,23611-23616,23619,23660,23662,23683-23686,23695,23722,23729,23750,23752-23753,23765-23766,23784,23791,23797,23801,23803,23805,23815,23817-23819,23835-23836,23845-23849,23851,23853,23863,23865-23866,23870,23872-23873,23875,23879,23881-23882,23886,23888-23889,23892,23894,23897,23899,23902,23904,23907,23909,23911,23914,23916,23918-23920,23923,23925,23929,23931-23933,23937,23939-23941,23945,23947,23950-23951,23954,23956,23959,23961,23965,23967,23971,23973,23977,23979,23983,23985,23989,23991-23992,23996,23998,24002,24004,24008,24010-24011,24015,24017,24019,24022,24024,24028,24033,24035,24037,24040,24042-24043,24049,24051,24055,24057,24073,24075-24077,24083-24084,24086,24091,24093,24115-24116,24125,24144,24146-24148,24151,24155,24161-24162,24172,24292,24294-24295,24303-24359,24363-24364,24366,24372,24378,24392,24394,24398,24402,24414,24416,24427,24430,24437,24444,24447,24450,24452,24455-24456,24458-24459,24461,24463,24469,24478,24489,24491,24516,24569,24588,24642,24668,24670-24675,24681,24683,24688,24701,24715,24737,24741,24743-24748,24750,24752,24758,24761,24763-24764,24766-24767,24772,24782-24816,24820,24822-24847,24876,24911-24918,24922-24923,25003,25014,25021,25028,25035,25042,25044,25046,25051,25057,25075,25102,25107,25109,25111-25113,25122,25126,25148,25155,25158,25160,25163,25166-25170,25177,25183,25185-25187,25201,25205,25212,25214,25219-25220,25222-25224,25226,25231-25232,25234,25237,25240,25250-25255,25260,25270,25272,25274-25275,25316,25321,25325,25330-25334,25336,25341,25345,25350-25354,25356,25359,25362,25369,25372,25376-25377,25387,25389,25392,25396-25397,25407,25413,25432,25434,25438,25440-25445,25461,25472-25473,25500,25511,25513-25517,25547,25551-25553,25593,25595,25610,25615,25617,25623,25633,25670,25687,25693,25695,25703-25705,25707-25708,25714,25718-25720,25736,25744-25746,25748-25749,25755,25759-25761,25806,25817,25826,25850-25851,25896,25898,25921,25936,25944,25946,25950,25956,25958,25962
pnpm-workspace.yaml
  h_2d4b3dca70a3d8 13,17-85
---
{
  "schema_version": "authorship/3.0.0",
  "git_ai_version": "1.7.0",
  "base_commit_sha": "94a3f132fe49bb49eb43149f3a5a97e61825a9d3",
  "prompts": {},
  "humans": {
    "h_2d4b3dca70a3d8": {
      "author": "marcelstoltz00 <marcelstoltz00@gmail.com>"
    }
  }
}