docs/srs/Use_Cases/Traceability_Matrix/Traceability_Matrix.drawio
  h_84e82529bd05a5 840,1383,1509,1513,1516,1519,1524,1529,1534,1539,1542,1547,1552,1557,1562,1565,1570,1575,1580,1585,1588,1593,1598,1603,1608,1611,1616,1621,1626,1631,1634,1639,1644,1649,1654,1657,1662,1667,1672,1677,1680,1685,1690,1695,1700,1703,1708,1713,1718,1723,1726,1731,1736,1741,1746,1749,1754,1759,1764,1773,1777,1780,1783,1788,1793,1798,1801,1806,1811,1816,1819,1824,1829,1834,1837,1842,1847,1852,1855,1860,1865,1870,1873,1878,1883,1888,1891,1896,1901,1906,1909,1914,1919,1924,1927,1932,1937,1942,1945,1950,1955,1960,1963,1968,1973,1982,1986,1989,1992,1997,2002,2007,2010,2015,2020,2025,2028,2033,2038,2043,2046,2051,2056,2061,2064,2069,2074,2079,2082,2087,2092,2097,2100,2105,2110,2115,2118,2123,2128,2133,2136,2141,2146,2151,2154,2159,2164,2173,2177,2180,2183,2188,2193,2198,2203,2206,2211,2216,2221,2226,2229,2234,2239,2244,2249,2252,2257,2262,2267,2272,2275,2280,2285,2290,2295,2298,2303,2308,2313,2318,2321,2326,2331,2336,2341,2344,2349,2354,2359,2364,2367,2372,2377,2382,2387,2390,2395,2400,2405,2410,2413,2418,2423,2428,2433,2436,2441,2446,2451,2456,2459,2464,2469,2474,2479,2482,2487,2492,2497,2502,2505,2510,2515,2520,2529,2533,2536,2539,2544,2549,2554,2559,2562,2567,2572,2577,2582,2585,2590,2595,2600,2605,2608,2613,2618,2623,2628,2631,2636,2641,2646,2651,2654,2659,2664,2669,2674,2677,2682,2687,2692,2701,2705,2708,2711,2716,2721,2724,2729,2734,2737,2742,2747,2750,2755,2760,2763,2768,2777,2781,2784,2787,2792,2797,2802,2807,2810,2815,2820,2825,2830,2833,2838,2843,2848,2853,2856,2861,2866,2871,2876,2879,2884,2889,2894,2899,2902,2907,2912,2917,2922,2925,2930,2935,2940,2949,2953,2956,2959,2964,2969,2974,2979,2982,2987,2992,2997,3002,3005,3010,3015,3020,3025,3028,3033,3038,3043,3048,3051,3056,3061,3066,3071,3074,3079,3084,3089,3094,3097,3102,3107,3112,3121,3125,3128,3131,3136,3141,3146,3151,3154,3159,3164,3169,3174,3177,3182,3187,3192,3197,3200,3205,3210,3215,3220,3223,3228,3233,3238,3243,3246,3251,3256,3261,3266,3269,3274,3279,3284,3289,3292,3297,3302,3307,3312,3315,3320,3325,3330,3335,3338,3343,3348,3353,3362
---
{
  "schema_version": "authorship/3.0.0",
  "git_ai_version": "1.6.16",
  "base_commit_sha": "9d5e63d46c5e24b2318c441179e4235e4cc6d77a",
  "prompts": {},
  "humans": {
    "h_84e82529bd05a5": {
      "author": "sdcreek240 <aidandwsn@gmail.com>"
    }
  }
}